[gd_scene load_steps=5 format=3 uid="uid://b2oopcb5mlwkb"]

[ext_resource type="PackedScene" uid="uid://67dw5stm6qds" path="res://objects/player/human22.glb" id="1_q5vr2"]

[sub_resource type="Animation" id="Animation_13g7y"]
resource_name = "test'"
tracks/0/type = "rotation_3d"
tracks/0/imported = false
tracks/0/enabled = false
tracks/0/path = NodePath("Armature/Skeleton3D:Bone.03")
tracks/0/interp = 1
tracks/0/loop_wrap = true
tracks/0/keys = PackedFloat32Array(0, 1, 2.20335e-06, -0.0013193, 0.00169491, 0.999998)
tracks/1/type = "rotation_3d"
tracks/1/imported = false
tracks/1/enabled = false
tracks/1/path = NodePath("Armature/Skeleton3D:Bone.02")
tracks/1/interp = 1
tracks/1/loop_wrap = true
tracks/1/keys = PackedFloat32Array(0, 1, 1.15055e-07, 0.00268855, -0.00306423, 0.999992)
tracks/2/type = "rotation_3d"
tracks/2/imported = false
tracks/2/enabled = false
tracks/2/path = NodePath("Armature/Skeleton3D:Bone.00")
tracks/2/interp = 1
tracks/2/loop_wrap = true
tracks/2/keys = PackedFloat32Array(0, 1, 0.000424907, -0.0220223, 0.0220235, 0.999515)
tracks/3/type = "rotation_3d"
tracks/3/imported = false
tracks/3/enabled = false
tracks/3/path = NodePath("Armature/Skeleton3D:Bone.04")
tracks/3/interp = 1
tracks/3/loop_wrap = true
tracks/3/keys = PackedFloat32Array(0, 1, -0.000409343, 0.0248295, -0.0248338, 0.999383)
tracks/4/type = "rotation_3d"
tracks/4/imported = false
tracks/4/enabled = false
tracks/4/path = NodePath("Armature/Skeleton3D:Bone.17")
tracks/4/interp = 1
tracks/4/loop_wrap = true
tracks/4/keys = PackedFloat32Array(0, 1, 0.50036, 0.499946, -0.498684, 0.501008)
tracks/5/type = "rotation_3d"
tracks/5/imported = false
tracks/5/enabled = false
tracks/5/path = NodePath("Armature/Skeleton3D:Bone.18")
tracks/5/interp = 1
tracks/5/loop_wrap = true
tracks/5/keys = PackedFloat32Array(0, 1, 0.475248, -0.171599, -0.0947736, 0.857736)
tracks/6/type = "rotation_3d"
tracks/6/imported = false
tracks/6/enabled = false
tracks/6/path = NodePath("Armature/Skeleton3D:Bone.19")
tracks/6/interp = 1
tracks/6/loop_wrap = true
tracks/6/keys = PackedFloat32Array(0, 1, 0.15761, 0.760196, 0.0837926, 0.624692)
tracks/7/type = "rotation_3d"
tracks/7/imported = false
tracks/7/enabled = false
tracks/7/path = NodePath("Armature/Skeleton3D:Bone.20")
tracks/7/interp = 1
tracks/7/loop_wrap = true
tracks/7/keys = PackedFloat32Array(0, 1, 0.00972937, 0.0865176, 0.086299, 0.992458)
tracks/8/type = "rotation_3d"
tracks/8/imported = false
tracks/8/enabled = false
tracks/8/path = NodePath("Armature/Skeleton3D:Bone.21")
tracks/8/interp = 1
tracks/8/loop_wrap = true
tracks/8/keys = PackedFloat32Array(0, 1, -0.00303869, -0.00746412, -0.0925888, 0.995672)
tracks/9/type = "rotation_3d"
tracks/9/imported = false
tracks/9/enabled = false
tracks/9/path = NodePath("Armature/Skeleton3D:Bone.22")
tracks/9/interp = 1
tracks/9/loop_wrap = true
tracks/9/keys = PackedFloat32Array(0, 1, -0.287934, 0.377711, 0.553943, 0.683795)
tracks/10/type = "rotation_3d"
tracks/10/imported = false
tracks/10/enabled = false
tracks/10/path = NodePath("Armature/Skeleton3D:Bone.08")
tracks/10/interp = 1
tracks/10/loop_wrap = true
tracks/10/keys = PackedFloat32Array(0, 1, 0.5004, -0.499984, 0.501382, 0.498229)
tracks/11/type = "rotation_3d"
tracks/11/imported = false
tracks/11/enabled = false
tracks/11/path = NodePath("Armature/Skeleton3D:Bone.09")
tracks/11/interp = 1
tracks/11/loop_wrap = true
tracks/11/keys = PackedFloat32Array(0, 1, 0.510085, -0.278337, -0.273596, 0.766477)
tracks/12/type = "rotation_3d"
tracks/12/imported = false
tracks/12/enabled = false
tracks/12/path = NodePath("Armature/Skeleton3D:Bone.10")
tracks/12/interp = 1
tracks/12/loop_wrap = true
tracks/12/keys = PackedFloat32Array(0, 1, 0.107172, -0.291018, 0.125427, 0.942386)
tracks/13/type = "rotation_3d"
tracks/13/imported = false
tracks/13/enabled = false
tracks/13/path = NodePath("Armature/Skeleton3D:Bone.11")
tracks/13/interp = 1
tracks/13/loop_wrap = true
tracks/13/keys = PackedFloat32Array(0, 1, -0.0617624, -0.0919783, -0.223723, 0.968335)
tracks/14/type = "rotation_3d"
tracks/14/imported = false
tracks/14/enabled = false
tracks/14/path = NodePath("Armature/Skeleton3D:Bone.12")
tracks/14/interp = 1
tracks/14/loop_wrap = true
tracks/14/keys = PackedFloat32Array(0, 1, -0.00475148, 0.0735212, 0.0478461, 0.996134)
tracks/15/type = "rotation_3d"
tracks/15/imported = false
tracks/15/enabled = false
tracks/15/path = NodePath("Armature/Skeleton3D:Bone.13")
tracks/15/interp = 1
tracks/15/loop_wrap = true
tracks/15/keys = PackedFloat32Array(0, 1, -0.371894, -0.486436, -0.496007, 0.615673)
tracks/16/type = "rotation_3d"
tracks/16/imported = false
tracks/16/enabled = false
tracks/16/path = NodePath("Armature/Skeleton3D:Bone.06")
tracks/16/interp = 1
tracks/16/loop_wrap = true
tracks/16/keys = PackedFloat32Array(0, 1, 0.968293, -0.176637, 0.173707, 0.0321691)
tracks/17/type = "rotation_3d"
tracks/17/imported = false
tracks/17/enabled = false
tracks/17/path = NodePath("Armature/Skeleton3D:Bone.07")
tracks/17/interp = 1
tracks/17/loop_wrap = true
tracks/17/keys = PackedFloat32Array(0, 1, 0.0271817, -0.10475, -0.105536, 0.988509)
tracks/18/type = "rotation_3d"
tracks/18/imported = false
tracks/18/enabled = true
tracks/18/path = NodePath("Armature/Skeleton3D:Bone.15")
tracks/18/interp = 1
tracks/18/loop_wrap = true
tracks/18/keys = PackedFloat32Array(0, 1, 0.968424, 0.173438, -0.176369, 0.0311139, 0.5, 1, 0, 0, 0, 1, 1, 1, 0.968424, 0.173438, -0.176369, 0.0311139)
tracks/19/type = "rotation_3d"
tracks/19/imported = false
tracks/19/enabled = false
tracks/19/path = NodePath("Armature/Skeleton3D:Bone.16")
tracks/19/interp = 1
tracks/19/loop_wrap = true
tracks/19/keys = PackedFloat32Array(0, 1, 0.0270474, 0.104756, 0.105015, 0.988568)
tracks/20/type = "rotation_3d"
tracks/20/imported = false
tracks/20/enabled = false
tracks/20/path = NodePath("Armature/Skeleton3D:neutral_bone")
tracks/20/interp = 1
tracks/20/loop_wrap = true
tracks/20/keys = PackedFloat32Array(0, 1, -0.707107, 0, 0, 0.707107)

[sub_resource type="Animation" id="Animation_gjrb8"]
length = 0.001
tracks/0/type = "rotation_3d"
tracks/0/imported = false
tracks/0/enabled = true
tracks/0/path = NodePath("Armature/Skeleton3D:Bone.03")
tracks/0/interp = 1
tracks/0/loop_wrap = true
tracks/0/keys = PackedFloat32Array(0, 1, 2.20335e-06, -0.0013193, 0.00169491, 0.999998)
tracks/1/type = "rotation_3d"
tracks/1/imported = false
tracks/1/enabled = true
tracks/1/path = NodePath("Armature/Skeleton3D:Bone.02")
tracks/1/interp = 1
tracks/1/loop_wrap = true
tracks/1/keys = PackedFloat32Array(0, 1, 1.15055e-07, 0.00268855, -0.00306423, 0.999992)
tracks/2/type = "rotation_3d"
tracks/2/imported = false
tracks/2/enabled = true
tracks/2/path = NodePath("Armature/Skeleton3D:Bone.00")
tracks/2/interp = 1
tracks/2/loop_wrap = true
tracks/2/keys = PackedFloat32Array(0, 1, 0.000424907, -0.0220223, 0.0220235, 0.999515)
tracks/3/type = "rotation_3d"
tracks/3/imported = false
tracks/3/enabled = true
tracks/3/path = NodePath("Armature/Skeleton3D:Bone.04")
tracks/3/interp = 1
tracks/3/loop_wrap = true
tracks/3/keys = PackedFloat32Array(0, 1, -0.000409343, 0.0248295, -0.0248338, 0.999383)
tracks/4/type = "rotation_3d"
tracks/4/imported = false
tracks/4/enabled = true
tracks/4/path = NodePath("Armature/Skeleton3D:Bone.17")
tracks/4/interp = 1
tracks/4/loop_wrap = true
tracks/4/keys = PackedFloat32Array(0, 1, 0.50036, 0.499946, -0.498684, 0.501008)
tracks/5/type = "rotation_3d"
tracks/5/imported = false
tracks/5/enabled = true
tracks/5/path = NodePath("Armature/Skeleton3D:Bone.18")
tracks/5/interp = 1
tracks/5/loop_wrap = true
tracks/5/keys = PackedFloat32Array(0, 1, 0.475248, -0.171599, -0.0947736, 0.857736)
tracks/6/type = "rotation_3d"
tracks/6/imported = false
tracks/6/enabled = true
tracks/6/path = NodePath("Armature/Skeleton3D:Bone.19")
tracks/6/interp = 1
tracks/6/loop_wrap = true
tracks/6/keys = PackedFloat32Array(0, 1, 0.15761, 0.760196, 0.0837926, 0.624692)
tracks/7/type = "rotation_3d"
tracks/7/imported = false
tracks/7/enabled = true
tracks/7/path = NodePath("Armature/Skeleton3D:Bone.20")
tracks/7/interp = 1
tracks/7/loop_wrap = true
tracks/7/keys = PackedFloat32Array(0, 1, 0.00972937, 0.0865176, 0.086299, 0.992458)
tracks/8/type = "rotation_3d"
tracks/8/imported = false
tracks/8/enabled = true
tracks/8/path = NodePath("Armature/Skeleton3D:Bone.21")
tracks/8/interp = 1
tracks/8/loop_wrap = true
tracks/8/keys = PackedFloat32Array(0, 1, -0.00303869, -0.00746412, -0.0925888, 0.995672)
tracks/9/type = "rotation_3d"
tracks/9/imported = false
tracks/9/enabled = true
tracks/9/path = NodePath("Armature/Skeleton3D:Bone.22")
tracks/9/interp = 1
tracks/9/loop_wrap = true
tracks/9/keys = PackedFloat32Array(0, 1, -0.287934, 0.377711, 0.553943, 0.683795)
tracks/10/type = "rotation_3d"
tracks/10/imported = false
tracks/10/enabled = true
tracks/10/path = NodePath("Armature/Skeleton3D:Bone.08")
tracks/10/interp = 1
tracks/10/loop_wrap = true
tracks/10/keys = PackedFloat32Array(0, 1, 0.5004, -0.499984, 0.501382, 0.498229)
tracks/11/type = "rotation_3d"
tracks/11/imported = false
tracks/11/enabled = true
tracks/11/path = NodePath("Armature/Skeleton3D:Bone.09")
tracks/11/interp = 1
tracks/11/loop_wrap = true
tracks/11/keys = PackedFloat32Array(0, 1, 0.510085, -0.278337, -0.273596, 0.766477)
tracks/12/type = "rotation_3d"
tracks/12/imported = false
tracks/12/enabled = true
tracks/12/path = NodePath("Armature/Skeleton3D:Bone.10")
tracks/12/interp = 1
tracks/12/loop_wrap = true
tracks/12/keys = PackedFloat32Array(0, 1, 0.107172, -0.291018, 0.125427, 0.942386)
tracks/13/type = "rotation_3d"
tracks/13/imported = false
tracks/13/enabled = true
tracks/13/path = NodePath("Armature/Skeleton3D:Bone.11")
tracks/13/interp = 1
tracks/13/loop_wrap = true
tracks/13/keys = PackedFloat32Array(0, 1, -0.0617624, -0.0919783, -0.223723, 0.968335)
tracks/14/type = "rotation_3d"
tracks/14/imported = false
tracks/14/enabled = true
tracks/14/path = NodePath("Armature/Skeleton3D:Bone.12")
tracks/14/interp = 1
tracks/14/loop_wrap = true
tracks/14/keys = PackedFloat32Array(0, 1, -0.00475148, 0.0735212, 0.0478461, 0.996134)
tracks/15/type = "rotation_3d"
tracks/15/imported = false
tracks/15/enabled = true
tracks/15/path = NodePath("Armature/Skeleton3D:Bone.13")
tracks/15/interp = 1
tracks/15/loop_wrap = true
tracks/15/keys = PackedFloat32Array(0, 1, -0.371894, -0.486436, -0.496007, 0.615673)
tracks/16/type = "rotation_3d"
tracks/16/imported = false
tracks/16/enabled = true
tracks/16/path = NodePath("Armature/Skeleton3D:Bone.06")
tracks/16/interp = 1
tracks/16/loop_wrap = true
tracks/16/keys = PackedFloat32Array(0, 1, 0.968293, -0.176637, 0.173707, 0.0321691)
tracks/17/type = "rotation_3d"
tracks/17/imported = false
tracks/17/enabled = true
tracks/17/path = NodePath("Armature/Skeleton3D:Bone.07")
tracks/17/interp = 1
tracks/17/loop_wrap = true
tracks/17/keys = PackedFloat32Array(0, 1, 0.0271817, -0.10475, -0.105536, 0.988509)
tracks/18/type = "rotation_3d"
tracks/18/imported = false
tracks/18/enabled = true
tracks/18/path = NodePath("Armature/Skeleton3D:Bone.15")
tracks/18/interp = 1
tracks/18/loop_wrap = true
tracks/18/keys = PackedFloat32Array(0, 1, 0.968424, 0.173438, -0.176369, 0.0311139)
tracks/19/type = "rotation_3d"
tracks/19/imported = false
tracks/19/enabled = true
tracks/19/path = NodePath("Armature/Skeleton3D:Bone.16")
tracks/19/interp = 1
tracks/19/loop_wrap = true
tracks/19/keys = PackedFloat32Array(0, 1, 0.0270474, 0.104756, 0.105015, 0.988568)
tracks/20/type = "rotation_3d"
tracks/20/imported = false
tracks/20/enabled = true
tracks/20/path = NodePath("Armature/Skeleton3D:neutral_bone")
tracks/20/interp = 1
tracks/20/loop_wrap = true
tracks/20/keys = PackedFloat32Array(0, 1, -0.707107, 0, 0, 0.707107)

[sub_resource type="AnimationLibrary" id="AnimationLibrary_qnq1n"]
_data = {
"RESET": SubResource("Animation_gjrb8"),
"test'": SubResource("Animation_13g7y")
}

[node name="human22" instance=ExtResource("1_q5vr2")]

[node name="Skeleton3D" parent="Armature" index="0"]
bones/0/rest = Transform3D(0.999991, -0.00338981, -0.00263858, 0.0033898, 0.999994, -8.87887e-06, 0.00263859, -6.54713e-08, 0.999996, -0.00275923, -0.525393, 4.0055e-07)
bones/0/rotation = Quaternion(2.20335e-06, -0.0013193, 0.00169491, 0.999998)
bones/1/rest = Transform3D(0.999967, 0.00612841, 0.00537706, -0.00612841, 0.999981, -1.67068e-05, -0.00537706, -1.62466e-05, 0.999985, 5.63628e-10, 0.933685, -1.47793e-12)
bones/1/rotation = Quaternion(1.15055e-07, 0.00268855, -0.00306423, 0.999992)
bones/1/scale = Vector3(1, 1, 1)
bones/2/rest = Transform3D(0.99806, -0.0440444, -0.0440045, 0.0440069, 0.99903, -0.00181942, 0.0440419, -0.000120614, 0.99903, -3.83293e-10, 0.898869, 9.9476e-14)
bones/2/rotation = Quaternion(0.000424907, -0.0220223, 0.0220235, 0.999515)
bones/3/rest = Transform3D(0.997533, 0.0496166, 0.0496487, -0.0496573, 0.998766, -0.000415039, -0.049608, -0.0020514, 0.998767, 1.10907e-09, 0.136212, -6.70326e-11)
bones/3/rotation = Quaternion(-0.000409343, 0.0248295, -0.0248338, 0.999383)
bones/4/rest = Transform3D(0.0027377, 0.999994, 0.00191161, 0.000616729, 0.00191003, -0.999998, -0.999996, 0.00273877, -0.000611425, 0.181472, 0.554587, 0.000496594)
bones/4/rotation = Quaternion(0.50036, 0.499946, -0.498684, 0.501008)
bones/4/scale = Vector3(1, 1, 1)
bones/5/rest = Transform3D(0.923144, -0.000522345, -0.384455, -0.325685, 0.530315, -0.782748, 0.204291, 0.8478, 0.489387, 2.47682e-07, 0.528248, -6.56775e-08)
bones/5/rotation = Quaternion(0.475248, -0.171599, -0.0947736, 0.857736)
bones/5/scale = Vector3(1, 1, 1)
bones/6/rest = Transform3D(-0.169838, 0.13494, 0.97619, 0.344318, 0.936276, -0.0695176, -0.923364, 0.324313, -0.205478, -6.07647e-08, 0.602598, 4.20861e-08)
bones/6/rotation = Quaternion(0.15761, 0.760196, 0.0837926, 0.624692)
bones/7/rest = Transform3D(0.970134, -0.169613, 0.173409, 0.17298, 0.984916, -0.00437922, -0.170051, 0.0342447, 0.98484, -1.84974e-08, 0.513092, -1.08994e-07)
bones/7/rotation = Quaternion(0.00972937, 0.0865176, 0.086299, 0.992458)
bones/7/scale = Vector3(1, 1, 1)
bones/8/rest = Transform3D(0.982743, 0.184422, -0.0143009, -0.184331, 0.982836, 0.00743327, 0.0154263, -0.00466889, 0.99987, -6.91591e-08, 0.250116, -4.58212e-08)
bones/8/rotation = Quaternion(-0.00303869, -0.00746412, -0.0925888, 0.995672)
bones/9/rest = Transform3D(0.100963, -0.975079, 0.197556, 0.540055, 0.220483, 0.812237, -0.835552, 0.0246854, 0.548856, 5.04902e-08, 0.250116, -3.21659e-08)
bones/9/rotation = Quaternion(-0.287934, 0.377711, 0.553943, 0.683795)
bones/9/scale = Vector3(1, 1, 1)
bones/10/rest = Transform3D(-0.00273538, -0.99999, 0.00356954, -0.000777543, -0.00356746, -0.999993, 0.999996, -0.00273812, -0.000767708, -0.178177, 0.553602, -0.000488198)
bones/10/rotation = Quaternion(0.5004, -0.499984, 0.501382, 0.498229)
bones/11/rest = Transform3D(0.695347, 0.13546, -0.705792, -0.703361, 0.329917, -0.629633, 0.147563, 0.93424, 0.324685, -0.0839527, 0.528248, 6.50598e-05)
bones/11/rotation = Quaternion(0.510085, -0.278337, -0.273596, 0.766477)
bones/11/scale = Vector3(1, 1, 1)
bones/12/rest = Transform3D(0.799153, -0.298779, -0.521618, 0.174022, 0.945565, -0.274998, 0.575387, 0.128993, 0.807645, 3.06856e-07, 0.623098, -7.04128e-09)
bones/12/rotation = Quaternion(0.107172, -0.291018, 0.125427, 0.942386)
bones/13/rest = Transform3D(0.882976, 0.444639, -0.150496, -0.421916, 0.892267, 0.160769, 0.205767, -0.0784582, 0.975451, -0.0115951, 0.502344, 0.00435831)
bones/13/rotation = Quaternion(-0.0617624, -0.0919783, -0.223723, 0.968335)
bones/13/scale = Vector3(1, 1, 1)
bones/14/rest = Transform3D(0.984611, -0.0960208, 0.146019, 0.0946235, 0.995376, 0.0165016, -0.146929, -0.00243081, 0.989144, -1.41328e-07, 0.250117, -6.64149e-08)
bones/14/rotation = Quaternion(-0.00475148, 0.0735212, 0.0478461, 0.996134)
bones/14/scale = Vector3(1, 1, 1)
bones/15/rest = Transform3D(0.0347151, 0.97256, -0.230047, -0.248951, 0.231345, 0.94048, 0.967894, 0.0246215, 0.250151, -1.42027e-07, 0.250117, -3.66126e-08)
bones/15/rotation = Quaternion(-0.371894, -0.486436, -0.496007, 0.615673)
bones/15/scale = Vector3(1, 1, 1)
bones/16/rest = Transform3D(0.877253, -0.353248, 0.325033, -0.330897, -0.935529, -0.123664, 0.347763, 0.000932183, -0.937582, -0.12355, 0.338354, 0.000325949)
bones/16/rotation = Quaternion(0.968293, -0.176637, 0.173707, 0.0321691)
bones/16/scale = Vector3(1, 1, 1)
bones/17/rest = Transform3D(0.955779, 0.202952, -0.21283, -0.214341, 0.976246, -0.031629, 0.201355, 0.0758485, 0.976577, 1.01154e-09, 1.09859, -1.46798e-09)
bones/17/rotation = Quaternion(0.0271817, -0.10475, -0.105536, 0.988509)
bones/17/scale = Vector3(1, 1, 1)
bones/18/rest = Transform3D(0.877627, 0.346897, -0.330808, 0.324947, -0.937903, -0.121441, -0.352393, -0.000915229, -0.935852, 0.125841, 0.337508, -0.000332117)
bones/18/rotation = Quaternion(0.968424, 0.173438, -0.176369, 0.0311139)
bones/18/scale = Vector3(1, 1, 1)
bones/19/rest = Transform3D(0.955996, -0.201962, 0.212797, 0.213295, 0.976481, -0.0314746, -0.201436, 0.0754782, 0.976589, 4.07887e-08, 1.09859, -2.50392e-08)
bones/19/rotation = Quaternion(0.0270474, 0.104756, 0.105015, 0.988568)

[node name="AnimationPlayer" type="AnimationPlayer" parent="." index="2"]
libraries = {
"": SubResource("AnimationLibrary_qnq1n")
}
